0 0.45800408720970154
1 0.40451544523239136
2 0.32358866930007935
3 0.36667966842651367
4 0.27743515372276306
5 0.1845550388097763
6 0.3103666305541992
7 0.1635453999042511
8 0.27900055050849915
9 0.2981168031692505
10 0.20781895518302917
11 0.215946763753891
12 0.23936980962753296
13 0.16981405019760132
14 0.20044416189193726
15 0.26444360613822937
16 0.2275584191083908
17 0.0989881157875061
18 0.16185498237609863
19 0.2030523270368576
20 0.15878307819366455
21 0.17832186818122864
22 0.19473469257354736
23 0.20977967977523804
24 0.10048689693212509
25 0.15271241962909698
26 0.10420006513595581
27 0.13525700569152832
28 0.14126381278038025
29 0.19872556626796722
30 0.07871050387620926
31 0.11663427948951721
32 0.12181051820516586
33 0.06251785159111023
34 0.11096703261137009
35 0.08543357253074646
36 0.07098215818405151
37 0.09307628870010376
38 0.11483632773160934
39 0.12095490097999573
40 0.08941938728094101
41 0.06788299977779388
42 0.15492907166481018
43 0.0840892344713211
44 0.10736744105815887
45 0.1170809417963028
46 0.05610189586877823
47 0.08176587522029877
48 0.10980866849422455
49 0.07171875238418579
50 0.11059906333684921
51 0.11344659328460693
52 0.1855369657278061
53 0.10920119285583496
54 0.08262142539024353
55 0.13629132509231567
56 0.0789661630988121
57 0.11527350544929504
58 0.13254639506340027
59 0.050354357808828354
60 0.08838379383087158
61 0.08426833152770996
62 0.07597000896930695
63 0.05878069996833801
64 0.09371805191040039
65 0.10949349403381348
66 0.10597499459981918
67 0.09694506973028183
68 0.07620516419410706
69 0.07121047377586365
70 0.07832714170217514
71 0.08515100181102753
72 0.10322485864162445
73 0.09058704227209091
74 0.07904808968305588
75 0.05038759112358093
76 0.1389409303665161
77 0.07387399673461914
78 0.0906061977148056
79 0.06374587118625641
80 0.08008210361003876
81 0.05497413128614426
82 0.05116648226976395
83 0.07280486822128296
84 0.05878409370779991
85 0.033762142062187195
86 0.06579071283340454
87 0.06403611600399017
88 0.06831631064414978
89 0.09654789417982101
90 0.04399812966585159
91 0.081785187125206
92 0.0412343293428421
93 0.06901996582746506
94 0.09526249021291733
95 0.12179895490407944
96 0.08660092949867249
97 0.08439405262470245
98 0.053448230028152466
99 0.0856047198176384
100 0.07861113548278809
101 0.07239124923944473
102 0.09485344588756561
103 0.05965546891093254
104 0.07076220959424973
105 0.09525106847286224
106 0.05234815925359726
107 0.07071922719478607
108 0.0689142644405365
109 0.050726454704999924
110 0.11547394841909409
111 0.03418176621198654
112 0.049722664058208466
113 0.057151149958372116
114 0.041865136474370956
115 0.05699385330080986
116 0.08683901280164719
117 0.05812101811170578
118 0.07349419593811035
119 0.05427657812833786
120 0.06929315626621246
121 0.07363370060920715
122 0.08901821076869965
123 0.08044612407684326
124 0.06837449967861176
125 0.07471567392349243
126 0.04304998368024826
127 0.04609793424606323
128 0.04938918352127075
129 0.07335732877254486
130 0.07358664274215698
131 0.07927245646715164
132 0.11171332001686096
133 0.09902828931808472
134 0.05044397711753845
135 0.15275168418884277
136 0.07420501112937927
137 0.11174138635396957
138 0.11564351618289948
139 0.1193719357252121
140 0.09292413294315338
141 0.050356313586235046
142 0.0916014239192009
143 0.08545452356338501
144 0.060673486441373825
145 0.042813241481781006
146 0.058004818856716156
147 0.05551716685295105
148 0.06867991387844086
149 0.040477290749549866
150 0.0539063885807991
151 0.0465814471244812
152 0.06122415512800217
153 0.07912343740463257
154 0.0799291729927063
155 0.04256069287657738
156 0.06631384789943695
157 0.07846561819314957
158 0.0639570951461792
159 0.10428169369697571
160 0.045816197991371155
161 0.08775313198566437
162 0.08161352574825287
163 0.09525128453969955
164 0.07213801890611649
165 0.08365148305892944
166 0.06267518550157547
167 0.07270925492048264
168 0.060025110840797424
169 0.06016312167048454
170 0.07040922343730927
171 0.07102765887975693
172 0.042847640812397
173 0.04309578984975815
174 0.049571163952350616
175 0.09240557998418808
176 0.10800442099571228
177 0.0549478642642498
178 0.054873861372470856
179 0.02383042499423027
180 0.04539482295513153
181 0.09817778319120407
182 0.060892216861248016
183 0.040808968245983124
184 0.06667003035545349
185 0.040090061724185944
186 0.07129308581352234
187 0.04354795813560486
188 0.08886267989873886
189 0.0757492333650589
190 0.07532474398612976
191 0.05833011865615845
192 0.05616288632154465
193 0.05308254808187485
194 0.11858522891998291
195 0.05224789306521416
196 0.07567308843135834
197 0.08513789623975754
198 0.06335005164146423
199 0.044723331928253174
200 0.04386811703443527
201 0.042374663054943085
202 0.050064682960510254
203 0.054366689175367355
204 0.10924472659826279
205 0.07061183452606201
206 0.09635929763317108
207 0.061398085206747055
208 0.06595110893249512
209 0.06858554482460022
210 0.047642432153224945
211 0.07372236996889114
212 0.0656038224697113
213 0.05024859309196472
214 0.04431117698550224
215 0.04222045838832855
216 0.039165545254945755
217 0.045322954654693604
218 0.04604138061404228
219 0.050076477229595184
220 0.05991848558187485
221 0.04163874313235283
222 0.06370238959789276
223 0.06702513992786407
224 0.08175329118967056
225 0.07963256537914276
226 0.07079663872718811
227 0.045239370316267014
228 0.05882694944739342
229 0.06677433103322983
230 0.04472078010439873
231 0.07150629162788391
232 0.041444163769483566
233 0.11820445954799652
234 0.0694471076130867
235 0.06588985025882721
236 0.04920675605535507
237 0.07067397981882095
238 0.07181409001350403
239 0.06904587149620056
240 0.15068602561950684
241 0.08223802596330643
242 0.0763823539018631
243 0.12505531311035156
244 0.06034810468554497
245 0.06311395019292831
246 0.13214850425720215
247 0.16479381918907166
248 0.19206200540065765
249 0.048331331461668015
250 0.11694266647100449
251 0.20178616046905518
252 0.09046228975057602
253 0.05435147136449814
254 0.11140912771224976
255 0.09989289939403534
256 0.07698037475347519
257 0.07653846591711044
258 0.11624816060066223
259 0.05921114236116409
260 0.05420602858066559
261 0.07334567606449127
262 0.12297504395246506
263 0.08423333615064621
264 0.038426727056503296
265 0.04893314093351364
