0 2.0813698768615723
1 1.7398946285247803
2 1.3415988683700562
3 1.3563241958618164
4 1.1228424310684204
5 0.64759761095047
6 0.997596263885498
7 0.5045415163040161
8 1.1203546524047852
9 0.8682523965835571
10 0.7038588523864746
11 0.5874655246734619
12 0.605795681476593
13 0.5086485743522644
14 0.6431996822357178
15 0.8647282123565674
16 0.8053721189498901
17 0.3310845196247101
18 0.5116004347801208
19 0.6946069002151489
20 0.490121066570282
21 0.7061295509338379
22 0.7447174787521362
23 0.8178238868713379
24 0.42658472061157227
25 0.6696939468383789
26 0.4760417640209198
27 0.47001558542251587
28 0.6676615476608276
29 0.6174530386924744
30 0.35277342796325684
31 0.30232223868370056
32 0.4743342399597168
33 0.2751341462135315
34 0.41805529594421387
35 0.2775008976459503
36 0.266778826713562
37 0.46563097834587097
38 0.570167601108551
39 0.5599506497383118
40 0.3161911964416504
41 0.29396742582321167
42 0.428963840007782
43 0.3425654172897339
44 0.34567636251449585
45 0.46232175827026367
46 0.2329506278038025
47 0.40557220578193665
48 0.542256772518158
49 0.30939751863479614
50 0.31584304571151733
51 0.43516263365745544
52 0.41313260793685913
53 0.336782306432724
54 0.24313494563102722
55 0.39131829142570496
56 0.27560552954673767
57 0.3551098704338074
58 0.43170860409736633
59 0.18587379157543182
60 0.31057941913604736
61 0.3067271113395691
62 0.3430638909339905
63 0.2665828764438629
64 0.2692877948284149
65 0.30472424626350403
66 0.3429369330406189
67 0.27743014693260193
68 0.18230554461479187
69 0.204462468624115
70 0.24529646337032318
71 0.38623756170272827
72 0.33047667145729065
73 0.2782004177570343
74 0.3442988693714142
75 0.10353302955627441
76 0.30324602127075195
77 0.2930918335914612
78 0.2162896692752838
79 0.30806583166122437
80 0.29093921184539795
81 0.22899334132671356
82 0.18755051493644714
83 0.26364123821258545
84 0.2098412811756134
85 0.11492273211479187
86 0.17369981110095978
87 0.24383798241615295
88 0.17978821694850922
89 0.2647358477115631
90 0.175138920545578
91 0.20549380779266357
92 0.11390788853168488
93 0.26572906970977783
94 0.37156927585601807
95 0.4057500958442688
96 0.26823630928993225
97 0.271087646484375
98 0.1387653946876526
99 0.2918156683444977
100 0.22041364014148712
101 0.23712921142578125
102 0.2834974527359009
103 0.2213643193244934
104 0.20375975966453552
105 0.4105590283870697
106 0.11723628640174866
107 0.28657740354537964
108 0.23289433121681213
109 0.1519441306591034
110 0.3036997318267822
111 0.10504129528999329
112 0.1428198516368866
113 0.3002169728279114
114 0.2192334085702896
115 0.13686585426330566
116 0.30808526277542114
117 0.19548754394054413
118 0.2961639165878296
119 0.11775358021259308
120 0.2733599841594696
121 0.21438980102539062
122 0.2317708432674408
123 0.23578426241874695
124 0.18280500173568726
125 0.3447389006614685
126 0.12374082207679749
127 0.19114546477794647
128 0.10982692241668701
129 0.22060298919677734
130 0.19015103578567505
131 0.23761874437332153
132 0.316151887178421
133 0.2185198962688446
134 0.21462439000606537
135 0.43294334411621094
136 0.17132245004177094
137 0.36794692277908325
138 0.25649863481521606
139 0.3870270848274231
140 0.27098584175109863
141 0.23594792187213898
142 0.20698800683021545
143 0.27134445309638977
144 0.12337350845336914
145 0.15105241537094116
146 0.11101292073726654
147 0.24246656894683838
148 0.21224647760391235
149 0.1729583889245987
150 0.167490154504776
151 0.20017258822917938
152 0.11730959266424179
153 0.19133037328720093
154 0.2613726854324341
155 0.13386982679367065
156 0.2677178978919983
157 0.23696056008338928
158 0.2430330514907837
159 0.2550252676010132
160 0.14252910017967224
161 0.20333744585514069
162 0.3025463819503784
163 0.3840315043926239
164 0.2838917076587677
165 0.27664080262184143
166 0.2623334527015686
167 0.13393671810626984
168 0.12955895066261292
169 0.16292758285999298
170 0.21819664537906647
171 0.29267898201942444
172 0.153591126203537
173 0.14484037458896637
174 0.12648311257362366
175 0.20963409543037415
176 0.27266925573349
177 0.2551744878292084
178 0.13234208524227142
179 0.06355012953281403
180 0.20905190706253052
181 0.2820471227169037
182 0.11868580430746078
183 0.10017070919275284
184 0.15302187204360962
185 0.12357591092586517
186 0.1870211660861969
187 0.10580050200223923
188 0.2375074326992035
189 0.21905788779258728
190 0.26629021763801575
191 0.11781805753707886
192 0.13470815122127533
193 0.14426007866859436
194 0.3177567720413208
195 0.25459885597229004
196 0.23504579067230225
197 0.2420419156551361
198 0.15916886925697327
199 0.10864017903804779
200 0.14483840763568878
201 0.1314128041267395
202 0.2603153884410858
203 0.19150331616401672
204 0.3365514278411865
205 0.26092755794525146
206 0.23303452134132385
207 0.15893428027629852
208 0.1342712789773941
209 0.21468588709831238
210 0.21625259518623352
211 0.26498571038246155
212 0.176655113697052
213 0.12406820803880692
214 0.13165925443172455
215 0.12346898019313812
216 0.13783583045005798
217 0.13151708245277405
218 0.12115702033042908
219 0.15915656089782715
220 0.1935347020626068
221 0.07507017999887466
222 0.252984881401062
223 0.19122499227523804
224 0.22995969653129578
225 0.24922260642051697
226 0.16250741481781006
227 0.07866142690181732
228 0.23713131248950958
229 0.17038048803806305
230 0.11947841197252274
231 0.13667911291122437
232 0.11957357823848724
233 0.4104830026626587
234 0.2428753525018692
235 0.14972545206546783
236 0.1636407971382141
237 0.1514509916305542
238 0.16399431228637695
239 0.14633411169052124
240 0.3006836175918579
241 0.21401944756507874
242 0.34515273571014404
243 0.2307320088148117
244 0.10647689551115036
245 0.2709276080131531
246 0.3449629545211792
247 0.3534347712993622
248 0.34455639123916626
249 0.14194658398628235
250 0.28193187713623047
251 0.5597494840621948
252 0.2668199837207794
253 0.149227112531662
254 0.20462429523468018
255 0.21251744031906128
256 0.17287839949131012
257 0.24011583626270294
258 0.2506938576698303
259 0.18200862407684326
260 0.1347438097000122
261 0.34948545694351196
262 0.21392640471458435
263 0.25958842039108276
264 0.10050768405199051
265 0.16556930541992188
