0 0.2902151048183441
1 0.21715900301933289
2 0.15150873363018036
3 0.2120625227689743
4 0.12176169455051422
5 0.04918770492076874
6 0.13225263357162476
7 0.03765299916267395
8 0.09949702024459839
9 0.11108702421188354
10 0.05946185439825058
11 0.06336405873298645
12 0.07269355654716492
13 0.04140391945838928
14 0.05990947037935257
15 0.09776239097118378
16 0.07922476530075073
17 0.014537874609231949
18 0.03793196752667427
19 0.052109815180301666
20 0.03371031582355499
21 0.045424144715070724
22 0.05591202527284622
23 0.0596136748790741
24 0.02054428495466709
25 0.03372403606772423
26 0.016093112528324127
27 0.023275531828403473
28 0.027854427695274353
29 0.06124166399240494
30 0.011589393019676208
31 0.01710498332977295
32 0.020319510251283646
33 0.008021799847483635
34 0.022967850789427757
35 0.013246613554656506
36 0.00873887911438942
37 0.014044540002942085
38 0.01873031258583069
39 0.0198042131960392
40 0.012995502911508083
41 0.012814897112548351
42 0.04887576028704643
43 0.010608216747641563
44 0.015385108068585396
45 0.017688903957605362
46 0.006111325696110725
47 0.013414330780506134
48 0.018187344074249268
49 0.01093386672437191
50 0.01810493692755699
51 0.016105957329273224
52 0.040705885738134384
53 0.015890896320343018
54 0.010328372940421104
55 0.028031125664711
56 0.010442855767905712
57 0.018674742430448532
58 0.020420905202627182
59 0.005480721592903137
60 0.013077108189463615
61 0.014565518125891685
62 0.009748931042850018
63 0.0053972406312823296
64 0.013925052247941494
65 0.019956450909376144
66 0.018379107117652893
67 0.013081757351756096
68 0.008147361688315868
69 0.008170745335519314
70 0.011171913705766201
71 0.011952647939324379
72 0.017815856263041496
73 0.010683296248316765
74 0.010276230983436108
75 0.004011927638202906
76 0.024388154968619347
77 0.010740878991782665
78 0.011365169659256935
79 0.007362321950495243
80 0.011025169864296913
81 0.005536867305636406
82 0.005916092544794083
83 0.009277218952775002
84 0.005796355195343494
85 0.0026745679788291454
86 0.006603769958019257
87 0.008002391085028648
88 0.007184915244579315
89 0.012784234248101711
90 0.003953596111387014
91 0.010002665221691132
92 0.002998512703925371
93 0.007240732666105032
94 0.013838682323694229
95 0.022034836933016777
96 0.009697839617729187
97 0.012267133221030235
98 0.005110129714012146
99 0.013189378194510937
100 0.011857718229293823
101 0.008962089195847511
102 0.010460492223501205
103 0.005646638572216034
104 0.007929625920951366
105 0.01243550144135952
106 0.004408206325024366
107 0.008315324783325195
108 0.006826566066592932
109 0.0039374385960400105
110 0.018863864243030548
111 0.0019763142336159945
112 0.004170202184468508
113 0.005671816878020763
114 0.003027510829269886
115 0.0067367469891905785
116 0.009895138442516327
117 0.006066316273063421
118 0.009969620034098625
119 0.004432132467627525
120 0.008541073650121689
121 0.009142857976257801
122 0.011323599144816399
123 0.00843132846057415
124 0.009251123294234276
125 0.009703471325337887
126 0.0033012889325618744
127 0.003625384531915188
128 0.00395874073728919
129 0.007139210589230061
130 0.009660078212618828
131 0.009692580439150333
132 0.017212945967912674
133 0.015672309324145317
134 0.004293648060411215
135 0.0281275175511837
136 0.008402474224567413
137 0.017136095091700554
138 0.01853875443339348
139 0.022311508655548096
140 0.015970926731824875
141 0.004342617467045784
142 0.011340007185935974
143 0.010733350180089474
144 0.005545209161937237
145 0.003393290564417839
146 0.004545465111732483
147 0.005596100818365812
148 0.009054954163730145
149 0.0033222828060388565
150 0.004237542860209942
151 0.004186265170574188
152 0.005697430577129126
153 0.013594551011919975
154 0.009600041434168816
155 0.003206060267984867
156 0.008029068820178509
157 0.008185936138033867
158 0.007046982645988464
159 0.017023898661136627
160 0.0032771106343716383
161 0.013670049607753754
162 0.01141250692307949
163 0.014267298392951488
164 0.007640067022293806
165 0.01344575546681881
166 0.005614155903458595
167 0.006837737746536732
168 0.005977555178105831
169 0.006225927732884884
170 0.007031777873635292
171 0.0075936391949653625
172 0.003507035318762064
173 0.0029682281892746687
174 0.004727299325168133
175 0.0132718151435256
176 0.01409686915576458
177 0.005010734777897596
178 0.004081211984157562
179 0.0008975659729912877
180 0.0038110557943582535
181 0.01535986177623272
182 0.004705328494310379
183 0.002517054323107004
184 0.007413680665194988
185 0.0023541501723229885
186 0.007480974774807692
187 0.00312734954059124
188 0.010705828666687012
189 0.008808892220258713
190 0.009765621274709702
191 0.005016406998038292
192 0.004978216253221035
193 0.004731547087430954
194 0.019751235842704773
195 0.004298523999750614
196 0.01017912570387125
197 0.00970088504254818
198 0.005904241465032101
199 0.0032672006636857986
200 0.00340065686032176
201 0.0042307423427701
202 0.004016890190541744
203 0.005585222505033016
204 0.01662829890847206
205 0.0066725402139127254
206 0.014316702261567116
207 0.005908205173909664
208 0.005285828374326229
209 0.007893207482993603
210 0.0047434247098863125
211 0.008386671543121338
212 0.006787245161831379
213 0.004082267172634602
214 0.0032547111622989178
215 0.002920307219028473
216 0.0022900726180523634
217 0.003354849759489298
218 0.003687314223498106
219 0.0036414084024727345
220 0.0056265234015882015
221 0.002462920732796192
222 0.009250637143850327
223 0.006611490622162819
224 0.010010000318288803
225 0.010466881096363068
226 0.007818802259862423
227 0.0031199855729937553
228 0.00551131647080183
229 0.005939914844930172
230 0.004007614217698574
231 0.008614158257842064
232 0.003646933939307928
233 0.023716073483228683
234 0.008096500299870968
235 0.007097957190126181
236 0.004070464055985212
237 0.008190802298486233
238 0.008050020784139633
239 0.0071680000983178616
240 0.025002483278512955
241 0.008801000192761421
242 0.010178687050938606
243 0.021898377686738968
244 0.00514330854639411
245 0.007148619741201401
246 0.02318318746984005
247 0.03530395030975342
248 0.043351300060749054
249 0.0038219455163925886
250 0.019024474546313286
251 0.050473641604185104
252 0.011098622344434261
253 0.005087737459689379
254 0.015698352828621864
255 0.013460963033139706
256 0.008359109051525593
257 0.009999070316553116
258 0.01718500815331936
259 0.0056727672927081585
260 0.004463184624910355
261 0.010466992855072021
262 0.017808660864830017
263 0.012498116120696068
264 0.002816978842020035
265 0.003862106939777732
