0 0.14504031836986542
1 0.10857526957988739
2 0.07575435936450958
3 0.10603126138448715
4 0.06088084727525711
5 0.02459385246038437
6 0.06612631678581238
7 0.018826499581336975
8 0.049748510122299194
9 0.05554351210594177
10 0.02973092719912529
11 0.031682029366493225
12 0.03634677827358246
13 0.02070195972919464
14 0.029954735189676285
15 0.04888119548559189
16 0.039612382650375366
17 0.007268937304615974
18 0.018965983763337135
19 0.026054907590150833
20 0.016855157911777496
21 0.022712072357535362
22 0.02795601263642311
23 0.02980683743953705
24 0.010272142477333546
25 0.016862018033862114
26 0.008046556264162064
27 0.011637765914201736
28 0.013927213847637177
29 0.03062083199620247
30 0.005794696509838104
31 0.008552491664886475
32 0.010159755125641823
33 0.0040108999237418175
34 0.011483925394713879
35 0.006623306777328253
36 0.00436943955719471
37 0.007022270001471043
38 0.009365156292915344
39 0.0099021065980196
40 0.006497751455754042
41 0.006407448556274176
42 0.024437880143523216
43 0.005304108373820782
44 0.007692554034292698
45 0.008844451978802681
46 0.0030556628480553627
47 0.006707165390253067
48 0.009093672037124634
49 0.005466933362185955
50 0.009052468463778496
51 0.008052978664636612
52 0.020352942869067192
53 0.007945448160171509
54 0.005164186470210552
55 0.0140155628323555
56 0.005221427883952856
57 0.009337371215224266
58 0.010210452601313591
59 0.0027403607964515686
60 0.006538554094731808
61 0.007282759062945843
62 0.004874465521425009
63 0.0026986203156411648
64 0.006962526123970747
65 0.009978225454688072
66 0.009189553558826447
67 0.006540878675878048
68 0.004073680844157934
69 0.004085372667759657
70 0.0055859568528831005
71 0.0059763239696621895
72 0.008907928131520748
73 0.005341648124158382
74 0.005138115491718054
75 0.002005963819101453
76 0.012194077484309673
77 0.005370439495891333
78 0.0056825848296284676
79 0.0036811609752476215
80 0.005512584932148457
81 0.002768433652818203
82 0.0029580462723970413
83 0.004638609476387501
84 0.002898177597671747
85 0.0013372839894145727
86 0.0033018849790096283
87 0.004001195542514324
88 0.0035924576222896576
89 0.006392117124050856
90 0.001976798055693507
91 0.005001332610845566
92 0.0014992563519626856
93 0.003620366333052516
94 0.0069193411618471146
95 0.011017418466508389
96 0.0048489198088645935
97 0.006133566610515118
98 0.002555064857006073
99 0.006594689097255468
100 0.005928859114646912
101 0.004481044597923756
102 0.005230246111750603
103 0.002823319286108017
104 0.003964812960475683
105 0.00621775072067976
106 0.002204103162512183
107 0.004157662391662598
108 0.003413283033296466
109 0.0019687192980200052
110 0.009431932121515274
111 0.0009881571168079972
112 0.002085101092234254
113 0.0028359084390103817
114 0.001513755414634943
115 0.0033683734945952892
116 0.0049475692212581635
117 0.0030331581365317106
118 0.004984810017049313
119 0.0022160662338137627
120 0.004270536825060844
121 0.0045714289881289005
122 0.005661799572408199
123 0.004215664230287075
124 0.004625561647117138
125 0.004851735662668943
126 0.0016506444662809372
127 0.001812692265957594
128 0.001979370368644595
129 0.0035696052946150303
130 0.004830039106309414
131 0.004846290219575167
132 0.008606472983956337
133 0.007836154662072659
134 0.0021468240302056074
135 0.01406375877559185
136 0.004201237112283707
137 0.008568047545850277
138 0.00926937721669674
139 0.011155754327774048
140 0.007985463365912437
141 0.002171308733522892
142 0.005670003592967987
143 0.005366675090044737
144 0.0027726045809686184
145 0.0016966452822089195
146 0.0022727325558662415
147 0.002798050409182906
148 0.004527477081865072
149 0.0016611414030194283
150 0.002118771430104971
151 0.002093132585287094
152 0.002848715288564563
153 0.006797275505959988
154 0.004800020717084408
155 0.0016030301339924335
156 0.004014534410089254
157 0.0040929680690169334
158 0.003523491322994232
159 0.008511949330568314
160 0.0016385553171858191
161 0.006835024803876877
162 0.005706253461539745
163 0.007133649196475744
164 0.003820033511146903
165 0.006722877733409405
166 0.0028070779517292976
167 0.003418868873268366
168 0.0029887775890529156
169 0.003112963866442442
170 0.003515888936817646
171 0.0037968195974826813
172 0.001753517659381032
173 0.0014841140946373343
174 0.0023636496625840664
175 0.0066359075717628
176 0.00704843457788229
177 0.002505367388948798
178 0.002040605992078781
179 0.00044878298649564385
180 0.0019055278971791267
181 0.00767993088811636
182 0.0023526642471551895
183 0.001258527161553502
184 0.003706840332597494
185 0.0011770750861614943
186 0.003740487387403846
187 0.00156367477029562
188 0.005352914333343506
189 0.004404446110129356
190 0.004882810637354851
191 0.002508203499019146
192 0.0024891081266105175
193 0.002365773543715477
194 0.009875617921352386
195 0.002149261999875307
196 0.005089562851935625
197 0.00485044252127409
198 0.0029521207325160503
199 0.0016336003318428993
200 0.00170032843016088
201 0.00211537117138505
202 0.002008445095270872
203 0.002792611252516508
204 0.00831414945423603
205 0.0033362701069563627
206 0.007158351130783558
207 0.002954102586954832
208 0.0026429141871631145
209 0.003946603741496801
210 0.0023717123549431562
211 0.004193335771560669
212 0.0033936225809156895
213 0.002041133586317301
214 0.0016273555811494589
215 0.0014601536095142365
216 0.0011450363090261817
217 0.001677424879744649
218 0.001843657111749053
219 0.0018207042012363672
220 0.0028132617007941008
221 0.001231460366398096
222 0.004625318571925163
223 0.0033057453110814095
224 0.0050050001591444016
225 0.005233440548181534
226 0.0039094011299312115
227 0.0015599927864968777
228 0.002755658235400915
229 0.002969957422465086
230 0.002003807108849287
231 0.004307079128921032
232 0.001823466969653964
233 0.011858036741614342
234 0.004048250149935484
235 0.0035489785950630903
236 0.002035232027992606
237 0.004095401149243116
238 0.004025010392069817
239 0.0035840000491589308
240 0.012501241639256477
241 0.004400500096380711
242 0.005089343525469303
243 0.010949188843369484
244 0.002571654273197055
245 0.0035743098706007004
246 0.011591593734920025
247 0.01765197515487671
248 0.021675650030374527
249 0.0019109727581962943
250 0.009512237273156643
251 0.025236820802092552
252 0.005549311172217131
253 0.0025438687298446894
254 0.007849176414310932
255 0.006730481516569853
256 0.004179554525762796
257 0.004999535158276558
258 0.00859250407665968
259 0.0028363836463540792
260 0.0022315923124551773
261 0.005233496427536011
262 0.008904330432415009
263 0.006249058060348034
264 0.0014084894210100174
265 0.001931053469888866
