0 1.1881102323532104
1 1.0096449851989746
2 0.7907471060752869
3 0.6715508103370667
4 0.6627647280693054
5 0.38926100730895996
6 0.4888507127761841
7 0.2845166325569153
8 0.6921086311340332
9 0.4035050868988037
10 0.40684711933135986
11 0.27647268772125244
12 0.2573855519294739
13 0.27672863006591797
14 0.35289132595062256
15 0.45364105701446533
16 0.45897650718688965
17 0.2102895975112915
18 0.29284751415252686
19 0.4133898615837097
20 0.28077250719070435
21 0.4596714377403259
22 0.46611475944519043
23 0.5186237096786499
24 0.29528141021728516
25 0.4663954973220825
26 0.3477020263671875
27 0.29984527826309204
28 0.48461610078811646
29 0.32686495780944824
30 0.25667881965637207
31 0.16003048419952393
32 0.3220444321632385
33 0.2005835771560669
34 0.2726364731788635
35 0.1721974015235901
36 0.18268835544586182
37 0.3514878749847412
38 0.42723578214645386
39 0.4092894196510315
40 0.2072785496711731
41 0.20686209201812744
42 0.2007211446762085
43 0.24256384372711182
44 0.21523123979568481
45 0.3187074661254883
46 0.1676817536354065
47 0.3036848306655884
48 0.4051671028137207
49 0.22127795219421387
50 0.17808657884597778
51 0.29755711555480957
52 0.16653680801391602
53 0.2037447690963745
54 0.1450209617614746
55 0.2129802703857422
56 0.180975079536438
57 0.2118242383003235
58 0.26853084564208984
59 0.12729835510253906
60 0.20257997512817383
61 0.20061051845550537
62 0.2524704933166504
63 0.1997063159942627
64 0.15468215942382812
65 0.16529607772827148
66 0.20939326286315918
67 0.16086244583129883
68 0.0938793420791626
69 0.12099587917327881
70 0.15021145343780518
71 0.2831575870513916
72 0.20052802562713623
73 0.17158842086791992
74 0.24983644485473633
75 0.04712754487991333
76 0.1277228593826294
77 0.20310652256011963
78 0.10863572359085083
79 0.23327648639678955
80 0.19431936740875244
81 0.16571390628814697
82 0.12750989198684692
83 0.17692053318023682
84 0.14236265420913696
85 0.07714873552322388
86 0.09800344705581665
87 0.16779828071594238
88 0.10069453716278076
89 0.14901161193847656
90 0.12521040439605713
91 0.10870462656021118
92 0.0681757926940918
93 0.18584799766540527
94 0.25554877519607544
95 0.25089889764785767
96 0.16708862781524658
97 0.16829288005828857
98 0.0776519775390625
99 0.18642687797546387
100 0.1240159273147583
101 0.15129482746124268
102 0.17295324802398682
103 0.15323889255523682
104 0.12110310792922974
105 0.29665470123291016
106 0.058275818824768066
107 0.20338517427444458
108 0.15374022722244263
109 0.09531152248382568
110 0.15992999076843262
111 0.06789505481719971
112 0.086841881275177
113 0.23455810546875
114 0.17282700538635254
115 0.06976687908172607
116 0.20640355348587036
117 0.1282670497894287
118 0.20771527290344238
119 0.05682879686355591
120 0.19125521183013916
121 0.12704181671142578
122 0.12576723098754883
123 0.14269113540649414
124 0.10055381059646606
125 0.2554680109024048
126 0.07573890686035156
127 0.1396094560623169
128 0.05449962615966797
129 0.1365368366241455
130 0.1020742654800415
131 0.14380741119384766
132 0.1786191463470459
133 0.09598314762115479
134 0.15773993730545044
135 0.23800039291381836
136 0.08451372385025024
137 0.23050141334533691
138 0.11304700374603271
139 0.23418790102005005
140 0.1541053056716919
141 0.17907768487930298
142 0.0983765721321106
143 0.16978991031646729
144 0.05438220500946045
145 0.10314923524856567
146 0.04618990421295166
147 0.17855525016784668
148 0.12998414039611816
149 0.12749767303466797
150 0.10722744464874268
151 0.1473117470741272
152 0.04753929376602173
153 0.09181511402130127
154 0.16704344749450684
155 0.08650004863739014
156 0.18936043977737427
157 0.1462160348892212
158 0.1685054898262024
159 0.12520772218704224
160 0.09179723262786865
161 0.09507924318313599
162 0.2038140892982483
163 0.2673792839050293
164 0.20029360055923462
165 0.17282068729400635
166 0.19123703241348267
167 0.05097085237503052
168 0.060567498207092285
169 0.09342557191848755
170 0.1372397541999817
171 0.21026086807250977
172 0.10548293590545654
173 0.09729224443435669
174 0.06982100009918213
175 0.0973207950592041
176 0.14351952075958252
177 0.1927105188369751
178 0.07134640216827393
179 0.038373351097106934
180 0.15794050693511963
181 0.1608295440673828
182 0.05073559284210205
183 0.055586159229278564
184 0.07523131370544434
185 0.07995462417602539
186 0.10450661182403564
187 0.057561516761779785
188 0.13258600234985352
189 0.13009530305862427
190 0.176317036151886
191 0.05196332931518555
192 0.07107794284820557
193 0.08408021926879883
194 0.16954469680786133
195 0.19590318202972412
196 0.14410400390625
197 0.14235270023345947
198 0.08696246147155762
199 0.05901604890823364
200 0.09586930274963379
201 0.08269202709197998
202 0.2042253613471985
203 0.12875878810882568
204 0.2023642659187317
205 0.18030691146850586
206 0.11520016193389893
207 0.08867388963699341
208 0.06039142608642578
209 0.13426053524017334
210 0.16149502992630005
211 0.178683340549469
212 0.10087043046951294
213 0.067696213722229
214 0.0824660062789917
215 0.07686805725097656
216 0.09523516893386841
217 0.08116185665130615
218 0.0695846676826477
219 0.10361796617507935
220 0.12517642974853516
221 0.02973705530166626
222 0.17540651559829712
223 0.11428260803222656
224 0.13319140672683716
225 0.1538897156715393
226 0.07998257875442505
227 0.028742074966430664
228 0.1700373888015747
229 0.0946962833404541
230 0.06874620914459229
231 0.052251577377319336
232 0.07265901565551758
233 0.2567044496536255
234 0.1612834930419922
235 0.0731886625289917
236 0.10832834243774414
237 0.06849080324172974
238 0.08010518550872803
239 0.06653624773025513
240 0.11249387264251709
241 0.1185799241065979
242 0.25350236892700195
243 0.07282912731170654
244 0.038413822650909424
245 0.197090744972229
246 0.17803966999053955
247 0.1356850266456604
248 0.08746743202209473
249 0.08788233995437622
250 0.13645249605178833
251 0.2822529077529907
252 0.15970975160598755
253 0.08724403381347656
254 0.06966763734817505
255 0.09243309497833252
256 0.08335936069488525
257 0.14857876300811768
258 0.10866820812225342
259 0.114288330078125
260 0.07384300231933594
261 0.26043927669525146
262 0.06423836946487427
263 0.15660792589187622
264 0.05785548686981201
265 0.1108430027961731
